/*---------------------------------------------------------------------------*\
| =========                 |                                                 |
| \\      /  F ield         | OpenFOAM: The Open Source CFD Toolbox           |
|  \\    /   O peration     | Version:  2106                                  |
|   \\  /    A nd           | Website:  www.openfoam.com                      |
|    \\/     M anipulation  |                                                 |
\*---------------------------------------------------------------------------*/
Build  : _7b82832f-20210625 OPENFOAM=2106
Arch   : "LSB;label=32;scalar=64"
Exec   : polymerSolidFoam
Date   : May 26 2022
Time   : 09:55:57
Host   : d98e8eba3479
PID    : 740
I/O    : uncollated
Case   : /home/openfoam/run/SLA/new_SLA
nProcs : 1
trapFpe: Floating point exception trapping enabled (FOAM_SIGFPE).
fileModificationChecking : Monitoring run-time modified files using timeStampMaster (fileModificationSkew 5, maxFileModificationPolls 20)
allowSystemOperations : Allowing user-supplied system call operations

// * * * * * * * * * * * * * * * * * * * * * * * * * * * * * * * * * * * * * //
Create time

Overriding DebugSwitches according to controlDict
    solutionControl 0;

Create mesh for time = 0


SIMPLE: convergence criteria
    field D	 tolerance 1e-05

Reading polymerProperties
 -- Laser exposure = 13989.2
Reading field D

Calculating mechanical properties

NUMBER OF LAYERS: 18 [0 0 0 0 0 0 0] 18

LAYER NUMBER: 1
Calculating polymerization field

Calculating Young's modulus

Calculating Lame's coefficients

Calculating explicit part of div(sigma) divSigmaExp


SIMPLE: convergence criteria
    field D	 tolerance 1e-05


Calculating displacement field

Iteration: 1

creating matrix for the layer 1
GAMG:  Solving for Dx, Initial residual = 1, Final residual = 0.00138985, No Iterations 1
GAMG:  Solving for Dy, Initial residual = 1, Final residual = 0.075678, No Iterations 1
GAMG:  Solving for Dz, Initial residual = 1, Final residual = 0.00919694, No Iterations 1
ExecutionTime = 0.18 s  ClockTime = 0 s

Iteration: 2

creating matrix for the layer 1
GAMG:  Solving for Dx, Initial residual = 0.136745, Final residual = 0.00219258, No Iterations 1
GAMG:  Solving for Dy, Initial residual = 0.259204, Final residual = 0.00750037, No Iterations 1
GAMG:  Solving for Dz, Initial residual = 0.0176186, Final residual = 0.000600738, No Iterations 1
ExecutionTime = 0.2 s  ClockTime = 0 s

Iteration: 3

creating matrix for the layer 1
GAMG:  Solving for Dx, Initial residual = 0.118877, Final residual = 0.000971157, No Iterations 1
GAMG:  Solving for Dy, Initial residual = 0.111908, Final residual = 0.00452355, No Iterations 1
GAMG:  Solving for Dz, Initial residual = 0.00743679, Final residual = 0.000218771, No Iterations 1
ExecutionTime = 0.21 s  ClockTime = 0 s

Iteration: 4

creating matrix for the layer 1
GAMG:  Solving for Dx, Initial residual = 0.059622, Final residual = 0.00073194, No Iterations 1
GAMG:  Solving for Dy, Initial residual = 0.0633146, Final residual = 0.00229348, No Iterations 1
GAMG:  Solving for Dz, Initial residual = 0.00461449, Final residual = 0.000165918, No Iterations 1
ExecutionTime = 0.21 s  ClockTime = 0 s

Iteration: 5

creating matrix for the layer 1
GAMG:  Solving for Dx, Initial residual = 0.049171, Final residual = 0.00047031, No Iterations 1
GAMG:  Solving for Dy, Initial residual = 0.0476814, Final residual = 0.0018315, No Iterations 1
GAMG:  Solving for Dz, Initial residual = 0.00349376, Final residual = 0.000128159, No Iterations 1
ExecutionTime = 0.22 s  ClockTime = 0 s

Iteration: 6

creating matrix for the layer 1
GAMG:  Solving for Dx, Initial residual = 0.0376308, Final residual = 0.00038621, No Iterations 1
GAMG:  Solving for Dy, Initial residual = 0.0358827, Final residual = 0.00127142, No Iterations 1
GAMG:  Solving for Dz, Initial residual = 0.00309697, Final residual = 0.000111447, No Iterations 1
ExecutionTime = 0.23 s  ClockTime = 0 s

Iteration: 7

creating matrix for the layer 1
GAMG:  Solving for Dx, Initial residual = 0.0320607, Final residual = 0.000296487, No Iterations 1
GAMG:  Solving for Dy, Initial residual = 0.0288773, Final residual = 0.00102856, No Iterations 1
GAMG:  Solving for Dz, Initial residual = 0.00264294, Final residual = 9.5771e-05, No Iterations 1
ExecutionTime = 0.24 s  ClockTime = 0 s

Iteration: 8

creating matrix for the layer 1
GAMG:  Solving for Dx, Initial residual = 0.0268737, Final residual = 0.000253627, No Iterations 1
GAMG:  Solving for Dy, Initial residual = 0.0230711, Final residual = 0.000804333, No Iterations 1
GAMG:  Solving for Dz, Initial residual = 0.00236477, Final residual = 8.49995e-05, No Iterations 1
ExecutionTime = 0.25 s  ClockTime = 0 s

Iteration: 9

creating matrix for the layer 1
GAMG:  Solving for Dx, Initial residual = 0.0232435, Final residual = 0.000212997, No Iterations 1
GAMG:  Solving for Dy, Initial residual = 0.0193137, Final residual = 0.000672885, No Iterations 1
GAMG:  Solving for Dz, Initial residual = 0.00207184, Final residual = 7.48085e-05, No Iterations 1
ExecutionTime = 0.25 s  ClockTime = 0 s

Iteration: 10

creating matrix for the layer 1
GAMG:  Solving for Dx, Initial residual = 0.0201691, Final residual = 0.000186811, No Iterations 1
GAMG:  Solving for Dy, Initial residual = 0.0160378, Final residual = 0.000558157, No Iterations 1
GAMG:  Solving for Dz, Initial residual = 0.00185226, Final residual = 6.65022e-05, No Iterations 1
ExecutionTime = 0.26 s  ClockTime = 0 s

Iteration: 11

creating matrix for the layer 1
GAMG:  Solving for Dx, Initial residual = 0.0176864, Final residual = 0.000163582, No Iterations 1
GAMG:  Solving for Dy, Initial residual = 0.0135987, Final residual = 0.000477373, No Iterations 1
GAMG:  Solving for Dz, Initial residual = 0.0016353, Final residual = 5.88736e-05, No Iterations 1
ExecutionTime = 0.28 s  ClockTime = 0 s

Iteration: 12

creating matrix for the layer 1
GAMG:  Solving for Dx, Initial residual = 0.0155584, Final residual = 0.000145053, No Iterations 1
GAMG:  Solving for Dy, Initial residual = 0.0115406, Final residual = 0.000407034, No Iterations 1
GAMG:  Solving for Dz, Initial residual = 0.00145885, Final residual = 5.23204e-05, No Iterations 1
ExecutionTime = 0.29 s  ClockTime = 0 s

Iteration: 13

creating matrix for the layer 1
GAMG:  Solving for Dx, Initial residual = 0.0137655, Final residual = 0.000129062, No Iterations 1
GAMG:  Solving for Dy, Initial residual = 0.0098856, Final residual = 0.000351166, No Iterations 1
GAMG:  Solving for Dz, Initial residual = 0.00129232, Final residual = 4.6376e-05, No Iterations 1
ExecutionTime = 0.29 s  ClockTime = 0 s

Iteration: 14

creating matrix for the layer 1
GAMG:  Solving for Dx, Initial residual = 0.0122117, Final residual = 0.000115167, No Iterations 1
GAMG:  Solving for Dy, Initial residual = 0.00849557, Final residual = 0.000302761, No Iterations 1
GAMG:  Solving for Dz, Initial residual = 0.00114947, Final residual = 4.11545e-05, No Iterations 1
ExecutionTime = 0.3 s  ClockTime = 0 s

Iteration: 15

creating matrix for the layer 1
GAMG:  Solving for Dx, Initial residual = 0.0108722, Final residual = 0.000103239, No Iterations 1
GAMG:  Solving for Dy, Initial residual = 0.00733193, Final residual = 0.00026269, No Iterations 1
GAMG:  Solving for Dz, Initial residual = 0.0010188, Final residual = 3.64587e-05, No Iterations 1
ExecutionTime = 0.31 s  ClockTime = 0 s

Iteration: 16

creating matrix for the layer 1
GAMG:  Solving for Dx, Initial residual = 0.00970092, Final residual = 9.26281e-05, No Iterations 1
GAMG:  Solving for Dy, Initial residual = 0.00634437, Final residual = 0.000227973, No Iterations 1
GAMG:  Solving for Dz, Initial residual = 0.000904334, Final residual = 3.23062e-05, No Iterations 1
ExecutionTime = 0.32 s  ClockTime = 0 s

Iteration: 17

creating matrix for the layer 1
GAMG:  Solving for Dx, Initial residual = 0.00867739, Final residual = 8.33245e-05, No Iterations 1
GAMG:  Solving for Dy, Initial residual = 0.00550446, Final residual = 0.000198532, No Iterations 1
GAMG:  Solving for Dz, Initial residual = 0.000801264, Final residual = 2.85954e-05, No Iterations 1
ExecutionTime = 0.32 s  ClockTime = 0 s

Iteration: 18

creating matrix for the layer 1
GAMG:  Solving for Dx, Initial residual = 0.00777604, Final residual = 7.50334e-05, No Iterations 1
GAMG:  Solving for Dy, Initial residual = 0.00478487, Final residual = 0.000173003, No Iterations 1
GAMG:  Solving for Dz, Initial residual = 0.000710251, Final residual = 2.53074e-05, No Iterations 1
ExecutionTime = 0.33 s  ClockTime = 0 s

Iteration: 19

creating matrix for the layer 1
GAMG:  Solving for Dx, Initial residual = 0.00698119, Final residual = 6.76796e-05, No Iterations 1
GAMG:  Solving for Dy, Initial residual = 0.00416697, Final residual = 0.000151063, No Iterations 1
GAMG:  Solving for Dz, Initial residual = 0.000628958, Final residual = 2.23817e-05, No Iterations 1
ExecutionTime = 0.34 s  ClockTime = 0 s

Iteration: 20

creating matrix for the layer 1
GAMG:  Solving for Dx, Initial residual = 0.00627683, Final residual = 6.11051e-05, No Iterations 1
GAMG:  Solving for Dy, Initial residual = 0.00363398, Final residual = 0.000131998, No Iterations 1
GAMG:  Solving for Dz, Initial residual = 0.000556999, Final residual = 1.97894e-05, No Iterations 1
ExecutionTime = 0.35 s  ClockTime = 1 s

Iteration: 21

creating matrix for the layer 1
GAMG:  Solving for Dx, Initial residual = 0.00565153, Final residual = 5.52328e-05, No Iterations 1
GAMG:  Solving for Dy, Initial residual = 0.00317325, Final residual = 0.000115482, No Iterations 1
GAMG:  Solving for Dz, Initial residual = 0.000493001, Final residual = 1.74894e-05, No Iterations 1
ExecutionTime = 0.36 s  ClockTime = 1 s

Iteration: 22

creating matrix for the layer 1
GAMG:  Solving for Dx, Initial residual = 0.00509466, Final residual = 4.99654e-05, No Iterations 1
GAMG:  Solving for Dy, Initial residual = 0.00277384, Final residual = 0.000101099, No Iterations 1
GAMG:  Solving for Dz, Initial residual = 0.000436323, Final residual = 1.54526e-05, No Iterations 1
ExecutionTime = 0.37 s  ClockTime = 1 s

Iteration: 23

creating matrix for the layer 1
GAMG:  Solving for Dx, Initial residual = 0.00459776, Final residual = 4.52393e-05, No Iterations 1
GAMG:  Solving for Dy, Initial residual = 0.00242694, Final residual = 8.85807e-05, No Iterations 1
GAMG:  Solving for Dz, Initial residual = 0.000386035, Final residual = 1.36485e-05, No Iterations 1
ExecutionTime = 0.38 s  ClockTime = 1 s

Iteration: 24

creating matrix for the layer 1
GAMG:  Solving for Dx, Initial residual = 0.00415334, Final residual = 4.09891e-05, No Iterations 1
GAMG:  Solving for Dy, Initial residual = 0.00212501, Final residual = 7.76529e-05, No Iterations 1
GAMG:  Solving for Dz, Initial residual = 0.00034151, Final residual = 1.20523e-05, No Iterations 1
ExecutionTime = 0.39 s  ClockTime = 1 s

Iteration: 25

creating matrix for the layer 1
GAMG:  Solving for Dx, Initial residual = 0.00375521, Final residual = 3.7162e-05, No Iterations 1
GAMG:  Solving for Dy, Initial residual = 0.00186191, Final residual = 6.81131e-05, No Iterations 1
GAMG:  Solving for Dz, Initial residual = 0.000302062, Final residual = 1.06402e-05, No Iterations 1
ExecutionTime = 0.4 s  ClockTime = 1 s

Iteration: 26

creating matrix for the layer 1
GAMG:  Solving for Dx, Initial residual = 0.00339791, Final residual = 3.37098e-05, No Iterations 1
GAMG:  Solving for Dy, Initial residual = 0.00163232, Final residual = 5.97702e-05, No Iterations 1
GAMG:  Solving for Dz, Initial residual = 0.000267148, Final residual = 9.39176e-06, No Iterations 1
ExecutionTime = 0.4 s  ClockTime = 1 s

Iteration: 27

creating matrix for the layer 1
GAMG:  Solving for Dx, Initial residual = 0.00307681, Final residual = 3.05935e-05, No Iterations 1
GAMG:  Solving for Dy, Initial residual = 0.00143175, Final residual = 5.2471e-05, No Iterations 1
GAMG:  Solving for Dz, Initial residual = 0.000236243, Final residual = 8.28837e-06, No Iterations 1
ExecutionTime = 0.41 s  ClockTime = 1 s

Iteration: 28

creating matrix for the layer 1
GAMG:  Solving for Dx, Initial residual = 0.00278785, Final residual = 2.77769e-05, No Iterations 1
GAMG:  Solving for Dy, Initial residual = 0.00125639, Final residual = 4.60779e-05, No Iterations 1
GAMG:  Solving for Dz, Initial residual = 0.000208903, Final residual = 7.31359e-06, No Iterations 1
ExecutionTime = 0.42 s  ClockTime = 1 s

Iteration: 29

creating matrix for the layer 1
GAMG:  Solving for Dx, Initial residual = 0.00252751, Final residual = 2.52289e-05, No Iterations 1
GAMG:  Solving for Dy, Initial residual = 0.00110293, Final residual = 4.04759e-05, No Iterations 1
GAMG:  Solving for Dz, Initial residual = 0.000184715, Final residual = 6.45252e-06, No Iterations 1
ExecutionTime = 0.43 s  ClockTime = 1 s

Iteration: 30

creating matrix for the layer 1
GAMG:  Solving for Dx, Initial residual = 0.00229268, Final residual = 2.29222e-05, No Iterations 1
GAMG:  Solving for Dy, Initial residual = 0.000968513, Final residual = 3.55636e-05, No Iterations 1
GAMG:  Solving for Dz, Initial residual = 0.000163324, Final residual = 5.69211e-06, No Iterations 1
ExecutionTime = 0.44 s  ClockTime = 1 s

Iteration: 31

creating matrix for the layer 1
GAMG:  Solving for Dx, Initial residual = 0.00208068, Final residual = 2.08325e-05, No Iterations 1
GAMG:  Solving for Dy, Initial residual = 0.000850697, Final residual = 3.12545e-05, No Iterations 1
GAMG:  Solving for Dz, Initial residual = 0.000144407, Final residual = 5.02073e-06, No Iterations 1
ExecutionTime = 0.45 s  ClockTime = 1 s

Iteration: 32

creating matrix for the layer 1
GAMG:  Solving for Dx, Initial residual = 0.0018891, Final residual = 1.89377e-05, No Iterations 1
GAMG:  Solving for Dy, Initial residual = 0.000747409, Final residual = 2.74725e-05, No Iterations 1
GAMG:  Solving for Dz, Initial residual = 0.000127682, Final residual = 4.42808e-06, No Iterations 1
ExecutionTime = 0.47 s  ClockTime = 1 s

Iteration: 33

creating matrix for the layer 1
GAMG:  Solving for Dx, Initial residual = 0.00171584, Final residual = 1.72191e-05, No Iterations 1
GAMG:  Solving for Dy, Initial residual = 0.00065679, Final residual = 2.4152e-05, No Iterations 1
GAMG:  Solving for Dz, Initial residual = 0.000112895, Final residual = 3.90503e-06, No Iterations 1
ExecutionTime = 0.48 s  ClockTime = 1 s

Iteration: 34

creating matrix for the layer 1
GAMG:  Solving for Dx, Initial residual = 0.00155902, Final residual = 1.56635e-05, No Iterations 1
GAMG:  Solving for Dy, Initial residual = 0.000577253, Final residual = 2.12356e-05, No Iterations 1
GAMG:  Solving for Dz, Initial residual = 9.98233e-05, Final residual = 3.44347e-06, No Iterations 1
ExecutionTime = 0.48 s  ClockTime = 1 s

Iteration: 35

creating matrix for the layer 1
GAMG:  Solving for Dx, Initial residual = 0.001417, Final residual = 1.42565e-05, No Iterations 1
GAMG:  Solving for Dy, Initial residual = 0.000507434, Final residual = 1.86734e-05, No Iterations 1
GAMG:  Solving for Dz, Initial residual = 8.82681e-05, Final residual = 3.03624e-06, No Iterations 1
ExecutionTime = 0.49 s  ClockTime = 1 s

Iteration: 36

creating matrix for the layer 1
GAMG:  Solving for Dx, Initial residual = 0.0012883, Final residual = 1.29774e-05, No Iterations 1
GAMG:  Solving for Dy, Initial residual = 0.000446107, Final residual = 1.64218e-05, No Iterations 1
GAMG:  Solving for Dz, Initial residual = 7.80541e-05, Final residual = 2.67699e-06, No Iterations 1
ExecutionTime = 0.5 s  ClockTime = 1 s

Iteration: 37

creating matrix for the layer 1
GAMG:  Solving for Dx, Initial residual = 0.00117161, Final residual = 1.18143e-05, No Iterations 1
GAMG:  Solving for Dy, Initial residual = 0.000392226, Final residual = 1.44429e-05, No Iterations 1
GAMG:  Solving for Dz, Initial residual = 6.90258e-05, Final residual = 2.3601e-06, No Iterations 1
ExecutionTime = 0.51 s  ClockTime = 1 s

Iteration: 38

creating matrix for the layer 1
GAMG:  Solving for Dx, Initial residual = 0.00106575, Final residual = 1.0757e-05, No Iterations 1
GAMG:  Solving for Dy, Initial residual = 0.000344876, Final residual = 1.27032e-05, No Iterations 1
GAMG:  Solving for Dz, Initial residual = 6.10458e-05, Final residual = 2.0806e-06, No Iterations 1
ExecutionTime = 0.52 s  ClockTime = 1 s

Iteration: 39

creating matrix for the layer 1
GAMG:  Solving for Dx, Initial residual = 0.000969681, Final residual = 9.79517e-06, No Iterations 1
GAMG:  Solving for Dy, Initial residual = 0.000303259, Final residual = 1.11735e-05, No Iterations 1
GAMG:  Solving for Dz, Initial residual = 5.39922e-05, Final residual = 1.8341e-06, No Iterations 1
ExecutionTime = 0.53 s  ClockTime = 1 s

Iteration: 40

creating matrix for the layer 1
GAMG:  Solving for Dx, Initial residual = 0.00088245, Final residual = 8.91988e-06, No Iterations 1
GAMG:  Solving for Dy, Initial residual = 0.00026669, Final residual = 9.82845e-06, No Iterations 1
GAMG:  Solving for Dz, Initial residual = 4.77575e-05, Final residual = 1.61673e-06, No Iterations 1
ExecutionTime = 0.54 s  ClockTime = 1 s

Iteration: 41

creating matrix for the layer 1
GAMG:  Solving for Dx, Initial residual = 0.000803219, Final residual = 8.12323e-06, No Iterations 1
GAMG:  Solving for Dy, Initial residual = 0.000234538, Final residual = 8.64581e-06, No Iterations 1
GAMG:  Solving for Dz, Initial residual = 4.22464e-05, Final residual = 1.42506e-06, No Iterations 1
ExecutionTime = 0.54 s  ClockTime = 1 s

Iteration: 42

creating matrix for the layer 1
GAMG:  Solving for Dx, Initial residual = 0.00073123, Final residual = 7.39829e-06, No Iterations 1
GAMG:  Solving for Dy, Initial residual = 0.000206266, Final residual = 7.60579e-06, No Iterations 1
GAMG:  Solving for Dz, Initial residual = 3.73748e-05, Final residual = 1.25607e-06, No Iterations 1
ExecutionTime = 0.55 s  ClockTime = 1 s

Iteration: 43

creating matrix for the layer 1
GAMG:  Solving for Dx, Initial residual = 0.000665801, Final residual = 6.7383e-06, No Iterations 1
GAMG:  Solving for Dy, Initial residual = 0.000181403, Final residual = 6.69099e-06, No Iterations 1
GAMG:  Solving for Dz, Initial residual = 3.30683e-05, Final residual = 1.10708e-06, No Iterations 1
ExecutionTime = 0.56 s  ClockTime = 1 s

Iteration: 44

creating matrix for the layer 1
GAMG:  Solving for Dx, Initial residual = 0.000606316, Final residual = 6.13731e-06, No Iterations 1
GAMG:  Solving for Dy, Initial residual = 0.000159541, Final residual = 5.88624e-06, No Iterations 1
GAMG:  Solving for Dz, Initial residual = 2.92612e-05, Final residual = 9.75722e-07, No Iterations 1
ExecutionTime = 0.57 s  ClockTime = 1 s

Iteration: 45

creating matrix for the layer 1
GAMG:  Solving for Dx, Initial residual = 0.000552221, Final residual = 5.59004e-06, No Iterations 1
GAMG:  Solving for Dy, Initial residual = 0.00014033, Final residual = 5.17828e-06, No Iterations 1
GAMG:  Solving for Dz, Initial residual = 2.58953e-05, Final residual = 8.59923e-07, No Iterations 1
ExecutionTime = 0.58 s  ClockTime = 1 s

Iteration: 46

creating matrix for the layer 1
GAMG:  Solving for Dx, Initial residual = 0.000503013, Final residual = 5.09163e-06, No Iterations 1
GAMG:  Solving for Dy, Initial residual = 0.000123435, Final residual = 4.55557e-06, No Iterations 1
GAMG:  Solving for Dz, Initial residual = 2.29194e-05, Final residual = 7.57843e-07, No Iterations 1
ExecutionTime = 0.59 s  ClockTime = 1 s

Iteration: 47

creating matrix for the layer 1
GAMG:  Solving for Dx, Initial residual = 0.000458243, Final residual = 4.63769e-06, No Iterations 1
GAMG:  Solving for Dy, Initial residual = 0.000108577, Final residual = 4.00783e-06, No Iterations 1
GAMG:  Solving for Dz, Initial residual = 2.02879e-05, Final residual = 6.67862e-07, No Iterations 1
ExecutionTime = 0.6 s  ClockTime = 1 s

Iteration: 48

creating matrix for the layer 1
GAMG:  Solving for Dx, Initial residual = 0.000417501, Final residual = 4.22424e-06, No Iterations 1
GAMG:  Solving for Dy, Initial residual = 9.55341e-05, Final residual = 3.52594e-06, No Iterations 1
GAMG:  Solving for Dz, Initial residual = 1.79609e-05, Final residual = 5.88549e-07, No Iterations 1
ExecutionTime = 0.6 s  ClockTime = 1 s

Iteration: 49

creating matrix for the layer 1
GAMG:  Solving for Dx, Initial residual = 0.000380418, Final residual = 3.84767e-06, No Iterations 1
GAMG:  Solving for Dy, Initial residual = 8.40935e-05, Final residual = 3.10191e-06, No Iterations 1
GAMG:  Solving for Dz, Initial residual = 1.59029e-05, Final residual = 5.18644e-07, No Iterations 1
ExecutionTime = 0.61 s  ClockTime = 1 s

Iteration: 50

creating matrix for the layer 1
GAMG:  Solving for Dx, Initial residual = 0.00034666, Final residual = 3.50466e-06, No Iterations 1
GAMG:  Solving for Dy, Initial residual = 7.40494e-05, Final residual = 2.72879e-06, No Iterations 1
GAMG:  Solving for Dz, Initial residual = 1.40828e-05, Final residual = 4.57034e-07, No Iterations 1
ExecutionTime = 0.63 s  ClockTime = 1 s

Iteration: 51

creating matrix for the layer 1
GAMG:  Solving for Dx, Initial residual = 0.000315924, Final residual = 3.19223e-06, No Iterations 1
GAMG:  Solving for Dy, Initial residual = 6.52071e-05, Final residual = 2.40053e-06, No Iterations 1
GAMG:  Solving for Dz, Initial residual = 1.24727e-05, Final residual = 4.02736e-07, No Iterations 1
ExecutionTime = 0.64 s  ClockTime = 1 s

Iteration: 52

creating matrix for the layer 1
GAMG:  Solving for Dx, Initial residual = 0.000287934, Final residual = 2.90763e-06, No Iterations 1
GAMG:  Solving for Dy, Initial residual = 5.74241e-05, Final residual = 2.11216e-06, No Iterations 1
GAMG:  Solving for Dz, Initial residual = 1.10484e-05, Final residual = 3.54931e-07, No Iterations 1
ExecutionTime = 0.65 s  ClockTime = 1 s

Iteration: 53

creating matrix for the layer 1
GAMG:  Solving for Dx, Initial residual = 0.000262443, Final residual = 2.6484e-06, No Iterations 1
GAMG:  Solving for Dy, Initial residual = 5.0571e-05, Final residual = 1.85894e-06, No Iterations 1
GAMG:  Solving for Dz, Initial residual = 9.78834e-06, Final residual = 3.12827e-07, No Iterations 1
ExecutionTime = 0.65 s  ClockTime = 1 s

Iteration: 54

creating matrix for the layer 1
GAMG:  Solving for Dx, Initial residual = 0.000239224, Final residual = 2.41225e-06, No Iterations 1
GAMG:  Solving for Dy, Initial residual = 4.45372e-05, Final residual = 1.63612e-06, No Iterations 1
GAMG:  Solving for Dz, Initial residual = 8.67334e-06, Final residual = 2.75716e-07, No Iterations 1
ExecutionTime = 0.66 s  ClockTime = 1 s

Iteration: 55

creating matrix for the layer 1
GAMG:  Solving for Dx, Initial residual = 0.000218073, Final residual = 2.19716e-06, No Iterations 1
GAMG:  Solving for Dy, Initial residual = 3.92243e-05, Final residual = 1.44001e-06, No Iterations 1
GAMG:  Solving for Dz, Initial residual = 7.68782e-06, Final residual = 2.43007e-07, No Iterations 1
ExecutionTime = 0.67 s  ClockTime = 1 s

Iteration: 56

creating matrix for the layer 1
GAMG:  Solving for Dx, Initial residual = 0.000198803, Final residual = 2.00122e-06, No Iterations 1
GAMG:  Solving for Dy, Initial residual = 3.4548e-05, Final residual = 1.26748e-06, No Iterations 1
GAMG:  Solving for Dz, Initial residual = 6.8158e-06, Final residual = 2.14188e-07, No Iterations 1
ExecutionTime = 0.68 s  ClockTime = 1 s

Iteration: 57

creating matrix for the layer 1
GAMG:  Solving for Dx, Initial residual = 0.000181245, Final residual = 1.82274e-06, No Iterations 1
GAMG:  Solving for Dy, Initial residual = 3.04313e-05, Final residual = 1.11568e-06, No Iterations 1
GAMG:  Solving for Dz, Initial residual = 6.04379e-06, Final residual = 1.88791e-07, No Iterations 1
ExecutionTime = 0.69 s  ClockTime = 1 s

Iteration: 58

creating matrix for the layer 1
GAMG:  Solving for Dx, Initial residual = 0.000165246, Final residual = 1.66022e-06, No Iterations 1
GAMG:  Solving for Dy, Initial residual = 2.68055e-05, Final residual = 9.82406e-07, No Iterations 1
GAMG:  Solving for Dz, Initial residual = 5.36023e-06, Final residual = 1.66411e-07, No Iterations 1
ExecutionTime = 0.71 s  ClockTime = 1 s

Iteration: 59

creating matrix for the layer 1
GAMG:  Solving for Dx, Initial residual = 0.000150666, Final residual = 1.51219e-06, No Iterations 1
GAMG:  Solving for Dy, Initial residual = 2.36122e-05, Final residual = 8.65144e-07, No Iterations 1
GAMG:  Solving for Dz, Initial residual = 4.75839e-06, Final residual = 1.46695e-07, No Iterations 1
ExecutionTime = 0.71 s  ClockTime = 1 s

Iteration: 60

creating matrix for the layer 1
GAMG:  Solving for Dx, Initial residual = 0.000137378, Final residual = 1.37733e-06, No Iterations 1
GAMG:  Solving for Dy, Initial residual = 2.0801e-05, Final residual = 7.61924e-07, No Iterations 1
GAMG:  Solving for Dz, Initial residual = 4.2296e-06, Final residual = 1.29333e-07, No Iterations 1
ExecutionTime = 0.72 s  ClockTime = 1 s

Iteration: 61

creating matrix for the layer 1
GAMG:  Solving for Dx, Initial residual = 0.000125267, Final residual = 1.25449e-06, No Iterations 1
GAMG:  Solving for Dy, Initial residual = 1.83269e-05, Final residual = 6.71092e-07, No Iterations 1
GAMG:  Solving for Dz, Initial residual = 3.76127e-06, Final residual = 1.14028e-07, No Iterations 1
ExecutionTime = 0.72 s  ClockTime = 1 s

Iteration: 62

creating matrix for the layer 1
GAMG:  Solving for Dx, Initial residual = 0.000114228, Final residual = 1.14258e-06, No Iterations 1
GAMG:  Solving for Dy, Initial residual = 1.61508e-05, Final residual = 5.91168e-07, No Iterations 1
GAMG:  Solving for Dz, Initial residual = 3.34562e-06, Final residual = 1.00537e-07, No Iterations 1
ExecutionTime = 0.73 s  ClockTime = 1 s

Iteration: 63

creating matrix for the layer 1
GAMG:  Solving for Dx, Initial residual = 0.000104166, Final residual = 1.04068e-06, No Iterations 1
GAMG:  Solving for Dy, Initial residual = 1.42352e-05, Final residual = 5.20795e-07, No Iterations 1
GAMG:  Solving for Dz, Initial residual = 2.97666e-06, Final residual = 8.86464e-08, No Iterations 1
ExecutionTime = 0.74 s  ClockTime = 1 s

Iteration: 64

creating matrix for the layer 1
GAMG:  Solving for Dx, Initial residual = 9.49926e-05, Final residual = 9.48246e-07, No Iterations 1
GAMG:  Solving for Dy, Initial residual = 1.25492e-05, Final residual = 4.58831e-07, No Iterations 1
GAMG:  Solving for Dz, Initial residual = 2.64906e-06, Final residual = 7.81925e-08, No Iterations 1
ExecutionTime = 0.75 s  ClockTime = 1 s

Iteration: 65

creating matrix for the layer 1
GAMG:  Solving for Dx, Initial residual = 8.663e-05, Final residual = 8.64107e-07, No Iterations 1
GAMG:  Solving for Dy, Initial residual = 1.10696e-05, Final residual = 4.04289e-07, No Iterations 1
GAMG:  Solving for Dz, Initial residual = 2.35813e-06, Final residual = 6.90413e-08, No Iterations 1
ExecutionTime = 0.76 s  ClockTime = 1 s

Iteration: 66

creating matrix for the layer 1
GAMG:  Solving for Dx, Initial residual = 7.90059e-05, Final residual = 7.87434e-07, No Iterations 1
GAMG:  Solving for Dy, Initial residual = 9.77398e-06, Final residual = 3.56375e-07, No Iterations 1
GAMG:  Solving for Dz, Initial residual = 2.0997e-06, Final residual = 6.10571e-08, No Iterations 1
ExecutionTime = 0.76 s  ClockTime = 1 s

Iteration: 67

creating matrix for the layer 1
GAMG:  Solving for Dx, Initial residual = 7.20546e-05, Final residual = 7.17564e-07, No Iterations 1
GAMG:  Solving for Dy, Initial residual = 8.63873e-06, Final residual = 3.14222e-07, No Iterations 1
GAMG:  Solving for Dz, Initial residual = 1.8701e-06, Final residual = 5.40192e-08, No Iterations 1
ExecutionTime = 0.77 s  ClockTime = 1 s

Iteration: 68

creating matrix for the layer 1
GAMG:  Solving for Dx, Initial residual = 6.57167e-05, Final residual = 6.53893e-07, No Iterations 1
GAMG:  Solving for Dy, Initial residual = 7.63805e-06, Final residual = 2.77383e-07, No Iterations 1
GAMG:  Solving for Dz, Initial residual = 1.66607e-06, Final residual = 4.78018e-08, No Iterations 1
ExecutionTime = 0.78 s  ClockTime = 1 s

Iteration: 69

creating matrix for the layer 1
GAMG:  Solving for Dx, Initial residual = 5.99377e-05, Final residual = 5.95872e-07, No Iterations 1
GAMG:  Solving for Dy, Initial residual = 6.75469e-06, Final residual = 2.44982e-07, No Iterations 1
GAMG:  Solving for Dz, Initial residual = 1.4847e-06, Final residual = 4.23082e-08, No Iterations 1
ExecutionTime = 0.79 s  ClockTime = 1 s

Iteration: 70

creating matrix for the layer 1
GAMG:  Solving for Dx, Initial residual = 5.46682e-05, Final residual = 5.43001e-07, No Iterations 1
GAMG:  Solving for Dy, Initial residual = 5.97496e-06, Final residual = 2.16455e-07, No Iterations 1
GAMG:  Solving for Dz, Initial residual = 1.32346e-06, Final residual = 3.74579e-08, No Iterations 1
ExecutionTime = 0.79 s  ClockTime = 1 s

Iteration: 71

creating matrix for the layer 1
GAMG:  Solving for Dx, Initial residual = 4.98631e-05, Final residual = 4.94824e-07, No Iterations 1
GAMG:  Solving for Dy, Initial residual = 5.28612e-06, Final residual = 1.91313e-07, No Iterations 1
GAMG:  Solving for Dz, Initial residual = 1.18006e-06, Final residual = 3.3173e-08, No Iterations 1
ExecutionTime = 0.8 s  ClockTime = 1 s

Iteration: 72

creating matrix for the layer 1
GAMG:  Solving for Dx, Initial residual = 4.54812e-05, Final residual = 4.50968e-07, No Iterations 1
GAMG:  Solving for Dy, Initial residual = 4.67765e-06, Final residual = 1.69159e-07, No Iterations 1
GAMG:  Solving for Dz, Initial residual = 1.05251e-06, Final residual = 2.93844e-08, No Iterations 1
ExecutionTime = 0.81 s  ClockTime = 1 s

Iteration: 73

creating matrix for the layer 1
GAMG:  Solving for Dx, Initial residual = 4.14852e-05, Final residual = 4.1104e-07, No Iterations 1
GAMG:  Solving for Dy, Initial residual = 4.14049e-06, Final residual = 1.49639e-07, No Iterations 1
GAMG:  Solving for Dz, Initial residual = 9.39015e-07, Final residual = 9.39015e-07, No Iterations 0
ExecutionTime = 0.82 s  ClockTime = 1 s

Iteration: 74

creating matrix for the layer 1
GAMG:  Solving for Dx, Initial residual = 3.75344e-05, Final residual = 3.69401e-07, No Iterations 1
GAMG:  Solving for Dy, Initial residual = 3.36316e-06, Final residual = 1.16512e-07, No Iterations 1
GAMG:  Solving for Dz, Initial residual = 1.62244e-06, Final residual = 4.19786e-08, No Iterations 1
ExecutionTime = 0.84 s  ClockTime = 1 s

Iteration: 75

creating matrix for the layer 1
GAMG:  Solving for Dx, Initial residual = 3.45766e-05, Final residual = 3.42923e-07, No Iterations 1
GAMG:  Solving for Dy, Initial residual = 3.59533e-06, Final residual = 1.27003e-07, No Iterations 1
GAMG:  Solving for Dz, Initial residual = 8.23929e-07, Final residual = 8.23929e-07, No Iterations 0
ExecutionTime = 0.84 s  ClockTime = 2 s

Iteration: 76

creating matrix for the layer 1
GAMG:  Solving for Dx, Initial residual = 3.12682e-05, Final residual = 3.06687e-07, No Iterations 1
GAMG:  Solving for Dy, Initial residual = 2.65817e-06, Final residual = 9.27694e-08, No Iterations 1
GAMG:  Solving for Dz, Initial residual = 1.39163e-06, Final residual = 3.66454e-08, No Iterations 1
ExecutionTime = 0.85 s  ClockTime = 2 s

Iteration: 77

creating matrix for the layer 1
GAMG:  Solving for Dx, Initial residual = 2.88032e-05, Final residual = 2.85476e-07, No Iterations 1
GAMG:  Solving for Dy, Initial residual = 2.93201e-06, Final residual = 1.02419e-07, No Iterations 1
GAMG:  Solving for Dz, Initial residual = 6.82494e-07, Final residual = 6.82494e-07, No Iterations 0
ExecutionTime = 0.86 s  ClockTime = 2 s

Iteration: 78

creating matrix for the layer 1
GAMG:  Solving for Dx, Initial residual = 2.60399e-05, Final residual = 2.54953e-07, No Iterations 1
GAMG:  Solving for Dy, Initial residual = 2.11126e-06, Final residual = 7.35094e-08, No Iterations 1
GAMG:  Solving for Dz, Initial residual = 1.13715e-06, Final residual = 3.00026e-08, No Iterations 1
ExecutionTime = 0.86 s  ClockTime = 2 s

Iteration: 79

creating matrix for the layer 1
GAMG:  Solving for Dx, Initial residual = 2.39833e-05, Final residual = 2.37506e-07, No Iterations 1
GAMG:  Solving for Dy, Initial residual = 2.35753e-06, Final residual = 8.17729e-08, No Iterations 1
GAMG:  Solving for Dz, Initial residual = 5.53515e-07, Final residual = 5.53515e-07, No Iterations 0
ExecutionTime = 0.87 s  ClockTime = 2 s

Iteration: 80

creating matrix for the layer 1
GAMG:  Solving for Dx, Initial residual = 2.1682e-05, Final residual = 2.1203e-07, No Iterations 1
GAMG:  Solving for Dy, Initial residual = 1.67967e-06, Final residual = 5.82762e-08, No Iterations 1
GAMG:  Solving for Dz, Initial residual = 9.20156e-07, Final residual = 9.20156e-07, No Iterations 0
ExecutionTime = 0.88 s  ClockTime = 2 s

Iteration: 81

creating matrix for the layer 1
GAMG:  Solving for Dx, Initial residual = 1.96371e-05, Final residual = 1.91685e-07, No Iterations 1
GAMG:  Solving for Dy, Initial residual = 1.3812e-06, Final residual = 4.65948e-08, No Iterations 1
GAMG:  Solving for Dz, Initial residual = 1.21595e-06, Final residual = 3.05602e-08, No Iterations 1
ExecutionTime = 0.89 s  ClockTime = 2 s

Iteration: 82

creating matrix for the layer 1
GAMG:  Solving for Dx, Initial residual = 1.82539e-05, Final residual = 1.81062e-07, No Iterations 1
GAMG:  Solving for Dy, Initial residual = 1.85025e-06, Final residual = 6.58421e-08, No Iterations 1
GAMG:  Solving for Dz, Initial residual = 4.48413e-07, Final residual = 4.48413e-07, No Iterations 0
ExecutionTime = 0.89 s  ClockTime = 2 s

Iteration: 83

creating matrix for the layer 1
GAMG:  Solving for Dx, Initial residual = 1.64915e-05, Final residual = 1.60857e-07, No Iterations 1
GAMG:  Solving for Dy, Initial residual = 1.20192e-06, Final residual = 4.20729e-08, No Iterations 1
GAMG:  Solving for Dz, Initial residual = 7.23627e-07, Final residual = 7.23627e-07, No Iterations 0
ExecutionTime = 0.9 s  ClockTime = 2 s

Iteration: 84

creating matrix for the layer 1
GAMG:  Solving for Dx, Initial residual = 1.49307e-05, Final residual = 1.45469e-07, No Iterations 1
GAMG:  Solving for Dy, Initial residual = 9.84973e-07, Final residual = 9.84973e-07, No Iterations 0
GAMG:  Solving for Dz, Initial residual = 9.37181e-07, Final residual = 9.37181e-07, No Iterations 0
ExecutionTime = 0.91 s  ClockTime = 2 s

Iteration: 85

creating matrix for the layer 1
GAMG:  Solving for Dx, Initial residual = 1.35125e-05, Final residual = 1.30805e-07, No Iterations 1
GAMG:  Solving for Dy, Initial residual = 1.10617e-06, Final residual = 4.0922e-08, No Iterations 1
GAMG:  Solving for Dz, Initial residual = 1.0986e-06, Final residual = 2.64499e-08, No Iterations 1
ExecutionTime = 0.92 s  ClockTime = 2 s

Iteration: 86

creating matrix for the layer 1
GAMG:  Solving for Dx, Initial residual = 1.27466e-05, Final residual = 1.26594e-07, No Iterations 1
GAMG:  Solving for Dy, Initial residual = 1.50062e-06, Final residual = 5.41451e-08, No Iterations 1
GAMG:  Solving for Dz, Initial residual = 3.36433e-07, Final residual = 3.36433e-07, No Iterations 0
ExecutionTime = 0.93 s  ClockTime = 2 s

Iteration: 87

creating matrix for the layer 1
GAMG:  Solving for Dx, Initial residual = 1.14735e-05, Final residual = 1.11632e-07, No Iterations 1
GAMG:  Solving for Dy, Initial residual = 9.14209e-07, Final residual = 9.14209e-07, No Iterations 0
GAMG:  Solving for Dz, Initial residual = 5.27511e-07, Final residual = 5.27511e-07, No Iterations 0
ExecutionTime = 0.93 s  ClockTime = 2 s

Iteration: 88

creating matrix for the layer 1
GAMG:  Solving for Dx, Initial residual = 1.03579e-05, Final residual = 1.00284e-07, No Iterations 1
GAMG:  Solving for Dy, Initial residual = 9.89188e-07, Final residual = 9.89188e-07, No Iterations 0
GAMG:  Solving for Dz, Initial residual = 6.44151e-07, Final residual = 6.44151e-07, No Iterations 0
ExecutionTime = 0.94 s  ClockTime = 2 s

Iteration: 89

creating matrix for the layer 1
GAMG:  Solving for Dx, Initial residual = 9.37435e-06, Final residual = 9.02279e-08, No Iterations 1
GAMG:  Solving for Dy, Initial residual = 1.06033e-06, Final residual = 4.04839e-08, No Iterations 1
GAMG:  Solving for Dz, Initial residual = 7.46339e-07, Final residual = 7.46339e-07, No Iterations 0
ExecutionTime = 0.95 s  ClockTime = 2 s


SIMPLE solution converged in 89 iterations


LAYER NUMBER: 2
Calculating polymerization field

Calculating Young's modulus

Calculating Lame's coefficients

Calculating explicit part of div(sigma) divSigmaExp


SIMPLE: convergence criteria
    field D	 tolerance 1e-05


Calculating displacement field

Iteration: 90

creating matrix for the layer 2
GAMG:  Solving for Dx, Initial residual = 0.586214, Final residual = 0.0554271, No Iterations 1
GAMG:  Solving for Dy, Initial residual = 0.708622, Final residual = 0.0752347, No Iterations 1
GAMG:  Solving for Dz, Initial residual = 0.241188, Final residual = 0.0156129, No Iterations 1
ExecutionTime = 1.46 s  ClockTime = 4 s

Iteration: 91

creating matrix for the layer 2
GAMG:  Solving for Dx, Initial residual = 0.33864, Final residual = 0.0287843, No Iterations 1
GAMG:  Solving for Dy, Initial residual = 0.287804, Final residual = 0.0321986, No Iterations 1
GAMG:  Solving for Dz, Initial residual = 0.141172, Final residual = 0.0101129, No Iterations 1
ExecutionTime = 1.47 s  ClockTime = 4 s

Iteration: 92

creating matrix for the layer 2
GAMG:  Solving for Dx, Initial residual = 0.101844, Final residual = 0.00767952, No Iterations 1
GAMG:  Solving for Dy, Initial residual = 0.0897713, Final residual = 0.00941836, No Iterations 1
GAMG:  Solving for Dz, Initial residual = 0.0228865, Final residual = 0.00164315, No Iterations 1
ExecutionTime = 1.48 s  ClockTime = 4 s

Iteration: 93

creating matrix for the layer 2
GAMG:  Solving for Dx, Initial residual = 0.0591386, Final residual = 0.00389995, No Iterations 1
GAMG:  Solving for Dy, Initial residual = 0.0484961, Final residual = 0.00524654, No Iterations 1
GAMG:  Solving for Dz, Initial residual = 0.0127009, Final residual = 0.000929896, No Iterations 1
ExecutionTime = 1.49 s  ClockTime = 4 s

Iteration: 94

creating matrix for the layer 2
GAMG:  Solving for Dx, Initial residual = 0.038509, Final residual = 0.00245941, No Iterations 1
GAMG:  Solving for Dy, Initial residual = 0.0304404, Final residual = 0.00343922, No Iterations 1
GAMG:  Solving for Dz, Initial residual = 0.00920601, Final residual = 0.000700059, No Iterations 1
ExecutionTime = 1.5 s  ClockTime = 4 s

Iteration: 95

creating matrix for the layer 2
GAMG:  Solving for Dx, Initial residual = 0.0264348, Final residual = 0.0017043, No Iterations 1
GAMG:  Solving for Dy, Initial residual = 0.0206866, Final residual = 0.00241029, No Iterations 1
GAMG:  Solving for Dz, Initial residual = 0.00705678, Final residual = 0.00055597, No Iterations 1
ExecutionTime = 1.52 s  ClockTime = 4 s

Iteration: 96

creating matrix for the layer 2
GAMG:  Solving for Dx, Initial residual = 0.0188184, Final residual = 0.00125271, No Iterations 1
GAMG:  Solving for Dy, Initial residual = 0.0145878, Final residual = 0.00174328, No Iterations 1
GAMG:  Solving for Dz, Initial residual = 0.00550782, Final residual = 0.000445077, No Iterations 1
ExecutionTime = 1.53 s  ClockTime = 4 s

Iteration: 97

creating matrix for the layer 2
GAMG:  Solving for Dx, Initial residual = 0.0137851, Final residual = 0.000947694, No Iterations 1
GAMG:  Solving for Dy, Initial residual = 0.0106518, Final residual = 0.00129258, No Iterations 1
GAMG:  Solving for Dz, Initial residual = 0.00433913, Final residual = 0.00035804, No Iterations 1
ExecutionTime = 1.53 s  ClockTime = 4 s

Iteration: 98

creating matrix for the layer 2
GAMG:  Solving for Dx, Initial residual = 0.010348, Final residual = 0.000734537, No Iterations 1
GAMG:  Solving for Dy, Initial residual = 0.00790301, Final residual = 0.000968588, No Iterations 1
